## 从搜索引擎指数分析mysql, oracle, postgresql的全球热度和市场机遇  
### 作者    
digoal    
### 日期    
2021-02-20    
### 标签    
PostgreSQL , mysql , oracle , 指数 , 搜索引擎    
----    
## 背景    
从搜索引擎指数分析mysql, oracle, postgresql的全球热度和市场机遇    
https://trends.google.com/trends/explore?q=%2Fm%2F05ynw,%2Fm%2F04y3k,oracle  
### mysql, postgresql, oracle 的全球热度比例:  31:18:63    
### mysql, postgresql, oracle 各国热度比例:   
```  
国家/地区	  | PostgreSQL: (2020/2/20 - 2021/2/20)	 | MySQL: (2020/2/20 - 2021/2/20)	| oracle: (2020/2/20 - 2021/2/20)  
中国	10%	78%	12%  
圣赫勒拿	8%	17%	75%  
韩国	13%	52%	35%  
新加坡	13%	31%	56%  
阿拉伯联合酋长国	5%	20%	75%  
香港	10%	39%	51%  
南非	9%	19%	72%  
印度	11%	33%	56%  
斯里兰卡	8%	55%	37%  
美国	15%	20%	65%  
瑞士	18%	26%	56%  
澳大利亚	16%	20%	64%  
巴基斯坦	9%	39%	52%  
日本	24%	28%	48%  
加拿大	16%	25%	59%  
突尼斯	18%	40%	42%  
爱尔兰	19%	29%	52%  
英国	13%	22%	65%  
肯尼亚	12%	46%	42%  
法国	19%	25%	56%  
新西兰	21%	24%	55%  
罗马尼亚	15%	35%	50%  
台湾	12%	42%	46%  
沙特阿拉伯	5%	16%	79%  
菲律宾	9%	38%	53%  
捷克	23%	32%	45%  
孟加拉国	10%	43%	47%  
比利时	15%	27%	58%  
葡萄牙	18%	38%	44%  
哥伦比亚	16%	37%	47%  
以色列	26%	40%	34%  
奥地利	21%	31%	48%  
摩洛哥	10%	43%	47%  
俄罗斯	40%	27%	33%  
马来西亚	10%	41%	49%  
克罗地亚	24%	24%	52%  
白俄罗斯	32%	41%	27%  
秘鲁	12%	39%	49%  
保加利亚	22%	42%	36%  
匈牙利	20%	36%	44%  
乌克兰	30%	50%	20%  
斯洛伐克	22%	33%	45%  
越南	16%	44%	40%  
荷兰	20%	35%	45%  
德国	22%	34%	44%  
塞尔维亚	20%	45%	35%  
挪威	24%	29%	47%  
西班牙	15%	39%	46%  
厄瓜多尔	19%	46%	35%  
智利	17%	38%	45%  
丹麦	21%	32%	47%  
墨西哥	11%	42%	47%  
埃及	9%	33%	58%  
瑞典	26%	30%	44%  
印度尼西亚	15%	57%	28%  
波兰	26%	32%	42%  
芬兰	34%	31%	35%  
意大利	14%	37%	49%  
尼日利亚	12%	41%	47%  
希腊	17%	39%	44%  
泰国	14%	42%	44%  
哈萨克斯坦	29%	27%	44%  
巴西	20%	38%	42%  
阿根廷	16%	45%	39%  
土耳其	17%	35%	48%  
伊朗	14%	50%	36%  
```  
### mysql 各国热度:  
```  
国家/地区 | 	MySQL: (2020/2/20 - 2021/2/20)  
中国	100  
韩国	14  
圣赫勒拿	8  
斯里兰卡	6  
新加坡	5  
缅甸	5  
香港	5  
爱沙尼亚	4  
萨尔瓦多	4  
突尼斯	4  
尼泊尔	4  
印度	4  
巴基斯坦	4  
肯尼亚	4  
拉脱维亚	4  
台湾	3  
黎巴嫩	3  
玻利维亚	3  
以色列	3  
保加利亚	3  
孟加拉国	3  
白俄罗斯	3  
立陶宛	3  
摩洛哥	3  
危地马拉	3  
罗马尼亚	3  
日本	3  
哥斯达黎加	3  
约旦	3  
乌克兰	3  
越南	3  
葡萄牙	3  
菲律宾	3  
马来西亚	2  
捷克	2  
哥伦比亚	2  
塞尔维亚	2  
斯洛文尼亚	2  
匈牙利	2  
乌拉圭	2  
墨西哥	2  
厄瓜多尔	2  
印度尼西亚	2  
秘鲁	2  
阿拉伯联合酋长国	2  
荷兰	2  
西班牙	2  
伊拉克	2  
瑞士	2  
阿尔及利亚	2  
德国	2  
爱尔兰	2  
奥地利	2  
智利	2  
俄罗斯	2  
斯洛伐克	2  
加拿大	2  
法国	2  
瑞典	2  
南非	2  
新西兰	2  
波兰	2  
芬兰	2  
比利时	2  
丹麦	2  
委内瑞拉	2  
美国	2  
泰国	2  
希腊	2  
克罗地亚	2  
澳大利亚	2  
尼日利亚	2  
挪威	2  
阿根廷	1  
意大利	1  
巴西	1  
埃及	1  
英国	1  
哈萨克斯坦	1  
伊朗	1  
土耳其	1  
沙特阿拉伯	1  
```  
### postgresql 各国热度:  
```  
国家/地区	 | PostgreSQL: (2020/2/20 - 2021/2/20)  
中国	100  
圣赫勒拿	38  
爱沙尼亚	32  
韩国	28  
俄罗斯	22  
日本	19  
新加坡	19  
白俄罗斯	18  
拉脱维亚	16  
以色列	16  
突尼斯	15  
芬兰	14  
捷克	14  
玻利维亚	14  
乌克兰	14  
保加利亚	12  
立陶宛	12  
葡萄牙	12  
爱尔兰	12  
巴拉圭	12  
瑞士	12  
斯洛伐克	12  
香港	12  
尼泊尔	11  
印度	11  
瑞典	11  
德国	11  
法国	10  
奥地利	10  
斯洛文尼亚	10  
波兰	10  
肯尼亚	10  
新西兰	10  
克罗地亚	10  
美国	10  
加拿大	10  
荷兰	9  
匈牙利	9  
厄瓜多尔	9  
塞尔维亚	9  
哥伦比亚	9  
澳大利亚	9  
罗马尼亚	9  
挪威	8  
越南	8  
哈萨克斯坦	8  
台湾	8  
丹麦	8  
比利时	7  
智利	7  
南非	7  
摩洛哥	7  
西班牙	6  
巴西	6  
巴基斯坦	6  
英国	6  
委内瑞拉	6  
秘鲁	6  
阿拉伯联合酋长国	5  
希腊	5  
孟加拉国	5  
菲律宾	5  
阿根廷	5  
马来西亚	5  
印度尼西亚	5  
墨西哥	5  
意大利	5  
泰国	4  
尼日利亚	4  
土耳其	3  
埃及	3  
伊朗	2  
沙特阿拉伯	2  
```  
### oracle 各国热度:  
```  
国家/地区	 | oracle: (2020/2/20 - 2021/2/20)  
圣赫勒拿	100  
中国	44  
韩国	24  
新加坡	22  
阿拉伯联合酋长国	20  
香港	18  
卡塔尔	17  
南非	17  
印度	16  
哥斯达黎加	14  
美国	13  
约旦	13  
瑞士	12  
巴基斯坦	12  
日本	12  
斯里兰卡	12  
澳大利亚	11  
突尼斯	11  
加拿大	11  
爱尔兰	10  
英国	10  
台湾	10  
法国	9  
孟加拉国	9  
菲律宾	9  
罗马尼亚	9  
危地马拉	9  
沙特阿拉伯	9  
新西兰	9  
哥伦比亚	8  
肯尼亚	8  
奥地利	8  
比利时	8  
捷克	8  
克罗地亚	8  
葡萄牙	8  
马来西亚	7  
秘鲁	7  
摩洛哥	7  
以色列	7  
斯洛伐克	7  
荷兰	7  
德国	7  
匈牙利	7  
丹麦	7  
俄罗斯	6  
西班牙	6  
挪威	6  
越南	6  
智利	6  
墨西哥	6  
埃及	6  
保加利亚	6  
塞尔维亚	6  